OBP = TRUE
Rcr = 4.0000e+00
Rca = 3.0000e+00
EtaR = [5.0000000e-01,2.5000000e+00]
ShfR = [5.0000000e-01,1.8333333e+00]
Zeta = [1.0000000e+00,1.5000000e+00]
EtaA = [1.5000000e+00,1.5000000e+00]
Atyp = [H]
