TM = 1
Rc = 4.0000e+00
EtaR = [4.0000000e+00]
ShfR = [5.0000000e-01,9.4444444e-01,1.3888889e+00,1.8333333e+00,2.2777778e+00,2.7222222e+00,3.1666667e+00,3.6111111e+00]
Zeta = [8.0000000e+00]
ShfZ = [0.0000000e+00,1.0471976e+00,2.0943951e+00,3.1415927e+00,4.1887902e+00,5.2359878e+00]
EtaA = [2.0000000e+00]
ShfA = [5.0000000e-01,1.3000000e+00,2.1000000e+00,2.9000000e+00]
Atyp = [H,C,O,N]
