TM = 1
Rc = 6.0000e+00
EtaR = [1.6000000e+01]
ShfR = [5.0000000e-01,5.9230769e-01,6.8461538e-01,7.7692308e-01,8.6923077e-01,9.6153846e-01,1.0538462e+00,1.1461538e+00,1.2384615e+00,1.3307692e+00,1.4230769e+00,1.5153846e+00,1.6076923e+00,1.7000000e+00,1.7923077e+00,1.8846154e+00,1.9769231e+00,2.0692308e+00,2.1615385e+00,2.2538462e+00,2.3461538e+00,2.4384615e+00,2.5307692e+00,2.6230769e+00,2.7153846e+00,2.8076923e+00,2.9000000e+00,2.9923077e+00,3.0846154e+00,3.1769231e+00,3.2692308e+00,3.3615385e+00,3.4538462e+00,3.5461538e+00,3.6384615e+00,3.7307692e+00,3.8230769e+00,3.9153846e+00,4.0076923e+00,4.1000000e+00,4.1923077e+00,4.2846154e+00,4.3769231e+00,4.4692308e+00,4.5615385e+00,4.6538462e+00,4.7461538e+00,4.8384615e+00,4.9307692e+00,5.0230769e+00,5.1153846e+00,5.2076923e+00,5.3000000e+00,5.3923077e+00,5.4846154e+00,5.5769231e+00,5.6692308e+00,5.7615385e+00,5.8538462e+00,5.9461538e+00,6.0384615e+00,6.1307692e+00,6.2230769e+00,6.3153846e+00]
Zeta = [8.0000000e+00]
ShfZ = [0.0000000e+00,7.8539816e-01,1.5707963e+00,2.3561945e+00,3.1415927e+00,3.9269908e+00,4.7123890e+00,5.4977871e+00]
EtaA = [2.0000000e+00]
ShfA = [5.0000000e-01,1.1666667e+00,1.8333333e+00,2.5000000e+00,3.1666667e+00,3.8333333e+00,4.5000000e+00,5.1666667e+00]
Atyp = [H,C,O,N]
