TM = 1
Rc = 6.0000e+00
EtaR = [8.0000000e+00]
ShfR = [5.0000000e-01,8.1578947e-01,1.1315789e+00,1.4473684e+00,1.7631579e+00,2.0789474e+00,2.3947368e+00,2.7105263e+00,3.0263158e+00,3.3421053e+00,3.6578947e+00,3.9736842e+00,4.2894737e+00,4.6052632e+00,4.9210526e+00,5.2368421e+00,5.5526316e+00,5.8684211e+00]
Zeta = [8.0000000e+00]
ShfZ = [0.0000000e+00,1.0471976e+00,2.0943951e+00,3.1415927e+00,4.1887902e+00,5.2359878e+00]
EtaA = [4.0000000e+00]
ShfA = [5.0000000e-01,1.3571429e+00,2.2142857e+00,3.0714286e+00,3.9285714e+00,4.7857143e+00]
Atyp = [H,C,O,N]
