TM = 0
Rc = 6.0000e+00
EtaR = [4.0000000e+00]
ShfR = [5.0000000e-01,6.8181818e-01,8.6363636e-01,1.0454545e+00,1.2272727e+00,1.4090909e+00,1.5909091e+00,1.7727273e+00,1.9545455e+00,2.1363636e+00,2.3181818e+00,2.5000000e+00,2.6818182e+00,2.8636364e+00,3.0454545e+00,3.2272727e+00,3.4090909e+00,3.5909091e+00,3.7727273e+00,3.9545455e+00,4.1363636e+00,4.3181818e+00,4.5000000e+00,4.6818182e+00,4.8636364e+00,5.0454545e+00,5.2272727e+00,5.4090909e+00,5.5909091e+00,5.7727273e+00,5.9545455e+00,6.1363636e+00]
Zeta = [1.0000000e-03,5.0000000e-03,1.0000000e-02,5.0000000e-02,1.0000000e-01,5.0000000e-01,1.0000000e+00,1.5000000e+00,2.0000000e+00,2.5000000e+00,3.0000000e+00,3.5000000e+00,4.0000000e+00,4.5000000e+00,5.0000000e+00,5.5000000e+00]
ShfZ = [0.0000000e+00]
EtaA = [1.0000000e-04,5.0000000e-04,1.0000000e-03,5.0000000e-03,1.0000000e-02,5.0000000e-02,1.0000000e-01,5.0000000e-01,1.0000000e+00,1.5000000e+00,2.0000000e+00,2.5000000e+00,3.0000000e+00,3.5000000e+00,4.0000000e+00,4.5000000e+00]
ShfA = [5.0000000e-01]
Atyp = [H,C,O,N]
