TM = 1
Rcr = 4.6000e+00
Rca = 3.1000e+00
EtaR = [1.6000000e+01]
ShfR = [5.0000000e-01,6.3939394e-01,7.7878788e-01,9.1818182e-01,1.0575758e+00,1.1969697e+00,1.3363636e+00,1.4757576e+00,1.6151515e+00,1.7545455e+00,1.8939394e+00,2.0333333e+00,2.1727273e+00,2.3121212e+00,2.4515152e+00,2.5909091e+00,2.7303030e+00,2.8696970e+00,3.0090909e+00,3.1484848e+00,3.2878788e+00,3.4272727e+00,3.5666667e+00,3.7060606e+00,3.8454545e+00,3.9848485e+00,4.1242424e+00,4.2636364e+00,4.4030303e+00,4.5424242e+00,4.6818182e+00,4.8212121e+00]
Zeta = [8.0000000e+00]
ShfZ = [0.0000000e+00,7.8539816e-01,1.5707963e+00,2.3561945e+00,3.1415927e+00,3.9269908e+00,4.7123890e+00,5.4977871e+00]
EtaA = [8.0000000e+00]
ShfA = [5.0000000e-01,8.4444444e-01,1.1888889e+00,1.5333333e+00,1.8777778e+00,2.2222222e+00,2.5666667e+00,2.9111111e+00]
Atyp = [H,C,O,N]
