TM = 1
Rc = 4.5000e+00
EtaR = [3.2000000e+01]
ShfR = [5.0000000e-01,5.3488372e-01,5.6976744e-01,6.0465116e-01,6.3953488e-01,6.7441860e-01,7.0930233e-01,7.4418605e-01,7.7906977e-01,8.1395349e-01,8.4883721e-01,8.8372093e-01,9.1860465e-01,9.5348837e-01,9.8837209e-01,1.0232558e+00,1.0581395e+00,1.0930233e+00,1.1279070e+00,1.1627907e+00,1.1976744e+00,1.2325581e+00,1.2674419e+00,1.3023256e+00,1.3372093e+00,1.3720930e+00,1.4069767e+00,1.4418605e+00,1.4767442e+00,1.5116279e+00,1.5465116e+00,1.5813953e+00,1.6162791e+00,1.6511628e+00,1.6860465e+00,1.7209302e+00,1.7558140e+00,1.7906977e+00,1.8255814e+00,1.8604651e+00,1.8953488e+00,1.9302326e+00,1.9651163e+00,2.0000000e+00,2.0348837e+00,2.0697674e+00,2.1046512e+00,2.1395349e+00,2.1744186e+00,2.2093023e+00,2.2441860e+00,2.2790698e+00,2.3139535e+00,2.3488372e+00,2.3837209e+00,2.4186047e+00,2.4534884e+00,2.4883721e+00,2.5232558e+00,2.5581395e+00,2.5930233e+00,2.6279070e+00,2.6627907e+00,2.6976744e+00,2.7325581e+00,2.7674419e+00,2.8023256e+00,2.8372093e+00,2.8720930e+00,2.9069767e+00,2.9418605e+00,2.9767442e+00,3.0116279e+00,3.0465116e+00,3.0813953e+00,3.1162791e+00,3.1511628e+00,3.1860465e+00,3.2209302e+00,3.2558140e+00,3.2906977e+00,3.3255814e+00,3.3604651e+00,3.3953488e+00,3.4302326e+00,3.4651163e+00,3.5000000e+00,3.5348837e+00,3.5697674e+00,3.6046512e+00,3.6395349e+00,3.6744186e+00,3.7093023e+00,3.7441860e+00,3.7790698e+00,3.8139535e+00,3.8488372e+00,3.8837209e+00,3.9186047e+00,3.9534884e+00,3.9883721e+00,4.0232558e+00,4.0581395e+00,4.0930233e+00,4.1279070e+00,4.1627907e+00,4.1976744e+00,4.2325581e+00,4.2674419e+00,4.3023256e+00,4.3372093e+00,4.3720930e+00,4.4069767e+00,4.4418605e+00,4.4767442e+00,4.5116279e+00,4.5465116e+00,4.5813953e+00,4.6162791e+00,4.6511628e+00,4.6860465e+00,4.7209302e+00,4.7558140e+00,4.7906977e+00,4.8255814e+00,4.8604651e+00,4.8953488e+00,4.9302326e+00]
Zeta = [1.6000000e+01]
ShfZ = [0.0000000e+00]
EtaA = [2.0000000e+00]
ShfA = [5.0000000e-01]
Atyp = [H,C,O,N]
