TM = 1
Rc = 6.0000e+00
EtaR = [8.0000000e+00]
ShfR = [5.0000000e-01,9.6153846e-01,1.4230769e+00,1.8846154e+00,2.3461538e+00,2.8076923e+00,3.2692308e+00,3.7307692e+00,4.1923077e+00,4.6538462e+00,5.1153846e+00,5.5769231e+00]
Zeta = [1.0000000e+01]
ShfZ = [0.0000000e+00,1.0471976e+00,2.0943951e+00,3.1415927e+00,4.1887902e+00,5.2359878e+00]
EtaA = [3.0000000e+00]
ShfA = [5.0000000e-01,1.5000000e+00,2.5000000e+00,3.5000000e+00,4.5000000e+00]
Atyp = [H,C,O,N]
