TM = 1
Rc = 4.5000e+00
EtaR = [8.0000000e+00]
ShfR = [5.0000000e-01,6.3636364e-01,7.7272727e-01,9.0909091e-01,1.0454545e+00,1.1818182e+00,1.3181818e+00,1.4545455e+00,1.5909091e+00,1.7272727e+00,1.8636364e+00,2.0000000e+00,2.1363636e+00,2.2727273e+00,2.4090909e+00,2.5454545e+00,2.6818182e+00,2.8181818e+00,2.9545455e+00,3.0909091e+00,3.2272727e+00,3.3636364e+00,3.5000000e+00,3.6363636e+00,3.7727273e+00,3.9090909e+00,4.0454545e+00,4.1818182e+00,4.3181818e+00,4.4545455e+00,4.5909091e+00,4.7272727e+00]
Zeta = [8.0000000e+00]
ShfZ = [0.0000000e+00,7.8539816e-01,1.5707963e+00,2.3561945e+00,3.1415927e+00,3.9269908e+00,4.7123890e+00,5.4977871e+00]
EtaA = [8.0000000e+00]
ShfA = [5.0000000e-01,1.0000000e+00,1.5000000e+00,2.0000000e+00,2.5000000e+00,3.0000000e+00,3.5000000e+00,4.0000000e+00]
Atyp = [H,C,O,N]
