TM = 1
Rc = 6.0000e+00
EtaR = [4.0000000e+00]
ShfR = [5.0000000e-01,1.1666667e+00,1.8333333e+00,2.5000000e+00,3.1666667e+00,3.8333333e+00,4.5000000e+00,5.1666667e+00]
Zeta = [2.0000000e+00]
ShfZ = [0.0000000e+00,7.8539816e-01,1.5707963e+00,2.3561945e+00,3.1415927e+00,3.9269908e+00,4.7123890e+00,5.4977871e+00]
EtaA = [2.0000000e+00]
ShfA = [5.0000000e-01,1.1666667e+00,1.8333333e+00,2.5000000e+00,3.1666667e+00,3.8333333e+00,4.5000000e+00,5.1666667e+00]
Atyp = [H,C,O,N]
