TM = 1
Rc = 6.0000e+00
EtaR = [1.6000000e+01]
ShfR = [5.0000000e-01,8.5294118e-01,1.2058824e+00,1.5588235e+00,1.9117647e+00,2.2647059e+00,2.6176471e+00,2.9705882e+00,3.3235294e+00,3.6764706e+00,4.0294118e+00,4.3823529e+00,4.7352941e+00,5.0882353e+00,5.4411765e+00,5.7941176e+00]
Zeta = [2.0000000e+01]
ShfZ = [0.0000000e+00,7.8539816e-01,1.5707963e+00,2.3561945e+00,3.1415927e+00,3.9269908e+00,4.7123890e+00,5.4977871e+00]
EtaA = [6.0000000e+00]
ShfA = [5.0000000e-01,1.1666667e+00,1.8333333e+00,2.5000000e+00,3.1666667e+00,3.8333333e+00,4.5000000e+00,5.1666667e+00]
Atyp = [H,C,O,N]
