TM = 0
Rc = 6.0000e+00
EtaR = [4.0000000e+00]
ShfR = [5.0000000e-01,1.1666667e+00,1.8333333e+00,2.5000000e+00,3.1666667e+00,3.8333333e+00,4.5000000e+00,5.1666667e+00]
Zeta = [1.0000000e-02,5.0000000e-02,1.0000000e-01,5.0000000e-01,1.0000000e+00,2.0000000e+00,3.0000000e+00,4.0000000e+00,5.0000000e+00,6.0000000e+00]
ShfZ = [0.0000000e+00]
EtaA = [1.0000000e-03,5.0000000e-03,1.0000000e-02,5.0000000e-02,1.0000000e-01,5.0000000e-01,1.0000000e+00,1.5000000e+00,2.0000000e+00,2.5000000e+00,3.0000000e+00]
ShfA = [5.0000000e-01]
Atyp = [H,C,O,N]
