TM = 1
Rc = 6.0000e+00
EtaR = [1.6000000e+01]
ShfR = [5.0000000e-01,1.1666667e+00,1.8333333e+00,2.5000000e+00,3.1666667e+00,3.8333333e+00,4.5000000e+00,5.1666667e+00]
Zeta = [2.0000000e+01]
ShfZ = [0.0000000e+00,1.0471976e+00,2.0943951e+00,3.1415927e+00,4.1887902e+00,5.2359878e+00]
EtaA = [6.0000000e+00]
ShfA = [5.0000000e-01,1.7000000e+00,2.9000000e+00,4.1000000e+00]
Atyp = [H,C,O,N]
